kinematics:
  shoulder:
    x: 0
    y: 0
    z: 0.16263517547884321
    roll: -0
    pitch: 0
    yaw: -9.2718436102423585e-08
  upper_arm:
    x: 0.00022045380756113443
    y: 0
    z: 0
    roll: 1.5706952637935105
    pitch: 0
    yaw: 4.0042553201481415e-06
  forearm:
    x: -0.42518453459026756
    y: 0
    z: 0
    roll: 0.0006807656980306635
    pitch: -0.00034463889720013789
    yaw: -7.5972087179456149e-07
  wrist_1:
    x: -0.39235314385058034
    y: -0.00046397879828074764
    z: 0.13371443150749207
    roll: 0.0034699092005633105
    pitch: 0.00061495645592650439
    yaw: 1.2943582744387983e-06
  wrist_2:
    x: -1.8723100043619199e-05
    y: -0.099789475305758213
    z: 7.5403791972563115e-05
    roll: 1.5700406982339656
    pitch: 0
    yaw: -3.57444933825335e-08
  wrist_3:
    x: 2.9380811659880406e-05
    y: 0.099790072228897381
    z: 3.0012366272449718e-06
    roll: 1.5708264022979932
    pitch: 3.1415926535897931
    yaw: -3.141592569203322
  hash: calib_17659580583292252580